 N = 30 
0.000000 905.574955 301.230809 250.888421 531.173230 767.794894 665.595974 907.385254 449.722136 510.216621 140.346001 640.953196 558.112892 661.154294 808.146645 948.536768 879.804524 234.068366 94.302704 360.854541 492.264157 472.410838 598.601704 408.754205 846.808715 912.257091 821.735967 719.269073 205.299781 859.048893  
905.574955 0.000000 864.588920 803.089659 401.787257 680.385920 977.517263 557.402906 960.270795 507.500739 1035.268564 541.340004 361.784466 886.264633 175.262660 178.314329 226.278589 1002.461969 999.792478 849.659932 514.169233 437.888114 643.386354 661.484694 313.025558 6.708204 147.105404 709.739389 845.729271 278.992831  
301.230809 864.588920 0.000000 502.821042 464.100205 512.539755 364.946571 690.072460 162.659153 368.316440 408.030636 790.779995 507.182413 362.729927 824.049149 849.137209 764.735248 174.401835 345.023188 62.128898 356.976190 450.039998 785.468013 600.443170 704.474982 871.089548 827.827277 455.385551 476.092428 727.464776  
250.888421 803.089659 502.821042 0.000000 505.964426 869.155912 858.131109 959.050051 664.383173 550.528837 303.014851 419.754690 512.762128 831.462567 669.381804 890.524003 840.835894 481.486241 307.902582 551.837838 532.218940 426.971896 359.016713 182.222392 834.411170 809.376303 689.351144 833.971822 56.222771 836.168643  
531.173230 401.787257 464.100205 505.964426 0.000000 451.388968 637.047094 472.373793 572.542575 137.557261 669.072492 488.788298 46.097722 560.116059 371.903213 417.699653 349.807090 601.721696 624.374887 454.186085 134.078335 81.394103 544.291282 441.367194 329.730193 408.374828 370.951479 445.588375 530.924665 335.108938  
767.794894 680.385920 512.539755 869.155912 451.388968 0.000000 362.084244 215.473896 481.565157 337.215065 898.666790 940.175516 484.414079 266.101484 751.201704 562.669530 475.143136 684.678757 837.627602 455.632527 352.597504 518.811141 992.004536 864.542075 383.011749 684.656118 737.146525 63.126856 871.185973 418.867521  
665.595974 977.517263 364.946571 858.131109 637.047094 362.084244 0.000000 577.132567 228.078934 500.164973 761.580593 1078.977757 682.117292 97.493590 1001.071925 894.002237 803.005604 485.231903 699.517691 308.574140 503.160014 668.552167 1097.430636 927.117037 716.587050 982.945065 994.876877 304.384625 836.866776 750.192642  
907.385254 557.402906 690.072460 959.050051 472.373793 215.473896 577.132567 0.000000 685.759433 410.478989 1045.200938 934.465088 487.772488 481.540237 670.800268 405.228331 332.054212 864.448957 987.601640 639.515442 429.120030 552.709689 1005.604296 913.597285 245.375223 560.036606 650.465987 276.391027 972.798026 278.454664  
449.722136 960.270795 162.659153 664.383173 572.542575 481.565157 228.078934 685.759433 0.000000 452.805698 535.993470 944.964020 618.190909 261.007663 943.203584 917.302567 828.150952 257.157539 474.684105 129.282636 447.090595 576.279446 944.860836 761.715170 755.082115 966.466244 943.398113 418.724253 635.416399 783.301347  
510.216621 507.500739 368.316440 550.528837 137.557261 337.215065 500.164973 410.478989 452.805698 0.000000 650.415252 613.247095 182.035711 422.573071 503.438179 480.941784 397.780090 526.217636 597.302269 344.889837 18.681542 186.603858 657.468630 528.080486 345.635646 513.719768 499.592834 320.538609 562.427773 364.400878  
140.346001 1035.268564 408.030636 303.014851 669.072492 898.666790 761.580593 1045.200938 535.993470 650.415252 0.000000 721.027045 694.113103 770.210361 927.970905 1085.552855 1018.440474 285.700893 63.007936 470.086162 632.516403 607.148252 661.435560 482.830198 986.877905 1041.907865 943.530074 847.552358 247.008097 998.697151  
640.953196 541.340004 790.779995 419.754690 488.788298 940.175516 1078.977757 934.465088 944.964020 613.247095 721.027045 0.000000 457.983624 1018.485150 368.133128 691.783926 684.614490 841.601450 717.006276 816.025122 602.216738 426.690755 106.531685 238.212090 725.335784 545.736200 395.773925 932.208668 475.883389 708.759480  
558.112892 361.784466 507.182413 512.762128 46.097722 484.414079 682.117292 487.772488 618.190909 182.035711 694.113103 457.983624 0.000000 604.057117 325.848124 391.800970 330.892732 640.682449 652.034508 499.009018 179.671923 88.600226 520.017307 431.844880 322.981424 368.435883 325.207626 482.653085 541.983395 323.408411  
661.154294 886.264633 362.729927 831.462567 560.116059 266.101484 97.493590 481.540237 261.007663 422.573071 770.210361 1018.485150 604.057117 0.000000 917.615388 798.140965 707.282829 508.492871 707.255258 301.212550 427.954437 599.293751 1044.737766 882.601269 620.116118 891.544727 910.013736 207.280004 816.216270 654.000000  
808.146645 175.262660 824.049149 669.381804 371.903213 751.201704 1001.071925 670.800268 943.203584 503.438179 927.970905 368.133128 325.848124 917.615388 0.000000 341.533307 361.232612 939.885631 900.499861 821.711020 503.774751 374.300681 471.916306 511.594566 429.830199 179.047480 28.160256 767.349334 717.136668 402.315796  
948.536768 178.314329 849.137209 890.524003 417.699653 562.669530 894.002237 405.228331 917.302567 480.941784 1085.552855 691.783926 391.800970 798.140965 341.533307 0.000000 91.137259 1004.893029 1041.971689 821.989051 493.276799 479.827052 788.036801 773.155870 180.036107 178.036513 314.331036 603.431852 925.817477 144.779142  
879.804524 226.278589 764.735248 840.835894 349.807090 475.143136 803.005604 332.054212 828.150952 397.780090 1018.440474 684.614490 330.892732 707.282829 361.232612 91.137259 0.000000 923.725067 972.272081 735.391052 411.285789 419.356650 774.506294 737.921405 92.698436 228.527898 336.859021 513.953305 872.277479 56.648036  
234.068366 1002.461969 174.401835 481.486241 601.721696 684.678757 485.231903 864.448957 257.157539 526.217636 285.700893 841.601450 640.682449 508.492871 939.885631 1004.893029 923.725067 0.000000 228.089895 229.058944 512.445119 569.975438 814.164603 622.475702 869.250827 1009.109013 947.676105 626.099034 438.880394 890.072469  
94.302704 999.792478 345.023188 307.902582 624.374887 837.627602 699.517691 987.601640 474.684105 597.302269 63.007936 717.006276 652.034508 707.255258 900.499861 1041.971689 972.272081 228.089895 0.000000 407.078616 579.728385 566.601271 665.709396 480.459155 937.102983 1006.472056 914.595539 785.891214 254.442528 950.302057  
360.854541 849.659932 62.128898 551.837838 454.186085 455.632527 308.574140 639.515442 129.282636 344.889837 470.086162 816.025122 499.009018 301.212550 821.711020 821.989051 735.391052 229.058944 407.078616 0.000000 336.148777 451.154076 818.009780 637.156182 670.069399 856.028621 823.379621 397.175024 528.609497 695.074816  
492.264157 514.169233 356.976190 532.218940 134.078335 352.597504 503.160014 429.120030 447.090595 18.681542 632.516403 602.216738 179.671923 427.954437 503.774751 493.276799 411.285789 512.445119 579.728385 336.148777 0.000000 175.727061 644.242190 512.082025 361.487206 520.469980 500.969061 333.766385 543.838211 379.348125  
472.410838 437.888114 450.039998 426.971896 81.394103 518.811141 668.552167 552.709689 576.279446 186.603858 607.148252 426.690755 88.600226 599.293751 374.300681 479.827052 419.356650 569.975438 566.601271 451.154076 175.727061 0.000000 473.193407 360.937668 407.442020 444.595322 379.444331 506.509625 454.400704 410.103645  
598.601704 643.386354 785.468013 359.016713 544.291282 992.004536 1097.430636 1005.604296 944.860836 657.468630 661.435560 106.531685 520.017307 1044.737766 471.916306 788.036801 774.506294 814.164603 665.709396 818.009780 644.242190 473.193407 0.000000 191.718544 808.156544 648.034721 499.201362 977.907971 414.584129 794.393479  
408.754205 661.484694 600.443170 182.222392 441.367194 864.542075 927.117037 913.597285 761.715170 528.080486 482.830198 238.212090 431.844880 882.601269 511.594566 773.155870 737.921405 622.475702 480.459155 637.156182 512.082025 360.937668 191.718544 0.000000 749.827313 667.329754 534.424925 841.306127 238.100819 744.317808  
846.808715 313.025558 704.474982 834.411170 329.730193 383.011749 716.587050 245.375223 755.082115 345.635646 986.877905 725.335784 322.981424 620.116118 429.830199 180.036107 92.698436 869.250827 937.102983 670.069399 361.487206 407.442020 808.156544 749.827313 0.000000 316.006329 408.006127 423.505608 860.628259 36.055513  
912.257091 6.708204 871.089548 809.376303 408.374828 684.656118 982.945065 560.036606 966.466244 513.719768 1041.907865 545.736200 368.435883 891.544727 179.047480 178.036513 228.527898 1009.109013 1006.472056 856.028621 520.469980 444.595322 648.034721 667.329754 316.006329 0.000000 150.920509 714.409546 852.113255 281.737466  
821.735967 147.105404 827.827277 689.351144 370.951479 737.146525 994.876877 650.465987 943.398113 499.592834 943.530074 395.773925 325.207626 910.013736 28.160256 314.331036 336.859021 947.676105 914.595539 823.379621 500.969061 379.444331 499.201362 534.424925 408.006127 150.920509 0.000000 755.307884 736.229584 379.527338  
719.269073 709.739389 455.385551 833.971822 445.588375 63.126856 304.384625 276.391027 418.724253 320.538609 847.552358 932.208668 482.653085 207.280004 767.349334 603.431852 513.953305 626.099034 785.891214 397.175024 333.766385 506.509625 977.907971 841.306127 423.505608 714.409546 755.307884 0.000000 832.619961 458.681807  
205.299781 845.729271 476.092428 56.222771 530.924665 871.185973 836.866776 972.798026 635.416399 562.427773 247.008097 475.883389 541.983395 816.216270 717.136668 925.817477 872.277479 438.880394 254.442528 528.609497 543.838211 454.400704 414.584129 238.100819 860.628259 852.113255 736.229584 832.619961 0.000000 864.468045  
859.048893 278.992831 727.464776 836.168643 335.108938 418.867521 750.192642 278.454664 783.301347 364.400878 998.697151 708.759480 323.408411 654.000000 402.315796 144.779142 56.648036 890.072469 950.302057 695.074816 379.348125 410.103645 794.393479 744.317808 36.055513 281.737466 379.527338 458.681807 864.468045 0.000000  
