
IstanzaG90 ===>>
([[288, 149], [288, 129], [280, 133], [270, 133], [260, 129], [252, 125], [256, 141], [246, 141], [236, 145], [228, 145], [220, 145], [212, 145], [204, 145], [196, 145], [188, 145], [180, 125], [180, 117], [180, 109], [180, 101], [180, 93], [188, 93], [196, 101], [204, 109], [212, 117], [220, 125], [228, 125], [228, 117], [228, 109], [228, 101], [236, 101], [236, 93], [228, 93], [228, 85], [236, 85], [260, 85], [260, 93], [252, 101], [260, 109], [268, 97], [276, 101], [280, 109], [288, 109], [284, 101], [284, 93], [276, 93], [276, 85], [284, 85], [284, 77], [284, 69], [284, 61], [284, 53], [276, 53], [276, 61], [276, 69], [276, 77], [260, 77], [260, 69], [260, 61], [260, 53], [260, 45], [260, 37], [260, 29], [252, 21], [236, 21], [228, 53], [228, 61], [236, 61], [236, 69], [236, 77], [228, 77], [228, 69], [220, 73], [212, 65], [204, 57], [196, 49], [188, 41], [180, 37], [180, 45], [172, 45], [172, 37], [172, 29], [180, 29], [180, 21], [172, 21], [156, 25], [162, 9], [148, 9], [136, 9], [128, 9], [120, 9] ]);


Soluzione generata da TwoOPT ===>> 
la soluzione di CPLEX è: 949.879
La soluzione di TwoOpt è: 913.655 ???

		[0]  (120, 9) -> (128, 9) | l=8
		[1]  (128, 9) -> (136, 9) | l=8
		[2]  (136, 9) -> (148, 9) | l=12
		[3]  (148, 9) -> (162, 9) | l=14
		[4]  (162, 9) -> (180, 21) | l=21.6333
		[5]  (172, 29) -> (172, 21) | l=8
		[6]  (172, 37) -> (172, 29) | l=8
		[7]  (180, 37) -> (180, 29) | l=8
		[8]  (180, 45) -> (180, 37) | l=8
		[9]  (172, 45) -> (180, 45) | l=8
		[10]  (172, 45) -> (172, 37) | l=8
		[11]  (188, 41) -> (196, 49) | l=11.3137
		[12]  (196, 49) -> (188, 41) | l=11.3137
		[13]  (212, 65) -> (204, 57) | l=11.3137
		[14]  (220, 73) -> (212, 65) | l=11.3137
		[15]  (228, 77) -> (220, 73) | l=8.94427
		[16]  (228, 85) -> (228, 77) | l=8
		[17]  (228, 93) -> (228, 85) | l=8
		[18]  (228, 101) -> (228, 93) | l=8
		[19]  (228, 109) -> (228, 101) | l=8
		[20]  (228, 117) -> (228, 109) | l=8
		[21]  (228, 125) -> (228, 117) | l=8
		[22]  (220, 125) -> (228, 125) | l=8
		[23]  (212, 117) -> (220, 125) | l=11.3137
		[24]  (204, 109) -> (212, 117) | l=11.3137
		[25]  (196, 101) -> (204, 109) | l=11.3137
		[26]  (188, 93) -> (196, 101) | l=11.3137
		[27]  (180, 93) -> (188, 93) | l=8
		[28]  (180, 101) -> (180, 93) | l=8
		[29]  (180, 109) -> (180, 101) | l=8
		[30]  (180, 117) -> (180, 109) | l=8
		[31]  (180, 125) -> (180, 117) | l=8
		[32]  (188, 145) -> (180, 125) | l=21.5407
		[33]  (196, 145) -> (188, 145) | l=8
		[34]  (204, 145) -> (196, 145) | l=8
		[35]  (212, 145) -> (204, 145) | l=8
		[36]  (220, 145) -> (212, 145) | l=8
		[37]  (228, 145) -> (220, 145) | l=8
		[38]  (236, 145) -> (228, 145) | l=8
		[39]  (246, 141) -> (236, 145) | l=10.7703
		[40]  (256, 141) -> (246, 141) | l=10
		[41]  (228, 61) -> (228, 69) | l=8
		[42]  (260, 129) -> (252, 125) | l=8.94427
		[43]  (252, 125) -> (260, 129) | l=8.94427
		[44]  (252, 101) -> (236, 101) | l=16
		[45]  (260, 109) -> (252, 101) | l=11.3137
		[46]  (260, 93) -> (276, 77) | l=22.6274
		[47]  (260, 77) -> (260, 85) | l=8
		[48]  (260, 85) -> (260, 77) | l=8
		[49]  (260, 61) -> (260, 69) | l=8
		[50]  (260, 53) -> (260, 61) | l=8
		[51]  (260, 45) -> (260, 53) | l=8
		[52]  (260, 37) -> (260, 45) | l=8
		[53]  (260, 29) -> (260, 37) | l=8
		[54]  (252, 21) -> (260, 29) | l=11.3137
		[55]  (236, 21) -> (252, 21) | l=16
		[56]  (228, 53) -> (236, 21) | l=32.9848
		[57]  (228, 61) -> (228, 53) | l=8
		[58]  (236, 61) -> (260, 69) | l=25.2982
		[59]  (236, 69) -> (236, 61) | l=8
		[60]  (236, 77) -> (236, 69) | l=8
		[61]  (236, 85) -> (236, 77) | l=8
		[62]  (236, 93) -> (236, 85) | l=8
		[63]  (236, 101) -> (236, 93) | l=8
		[64]  (268, 97) -> (260, 93) | l=8.94427
		[65]  (276, 101) -> (268, 97) | l=8.94427
		[66]  (284, 101) -> (276, 101) | l=8
		[67]  (284, 93) -> (284, 101) | l=8
		[68]  (276, 93) -> (284, 93) | l=8
		[69]  (276, 85) -> (276, 93) | l=8
		[70]  (284, 85) -> (276, 85) | l=8
		[71]  (284, 77) -> (284, 85) | l=8
		[72]  (284, 69) -> (284, 77) | l=8
		[73]  (284, 61) -> (284, 69) | l=8
		[74]  (284, 53) -> (284, 61) | l=8
		[75]  (276, 53) -> (284, 53) | l=8
		[76]  (276, 61) -> (276, 53) | l=8
		[77]  (276, 69) -> (276, 61) | l=8
		[78]  (276, 77) -> (276, 69) | l=8
		[79]  (260, 109) -> (280, 109) | l=20
		[80]  (280, 109) -> (288, 109) | l=8
		[81]  (288, 109) -> (288, 129) | l=20
		[82]  (288, 129) -> (280, 133) | l=8.94427
		[83]  (280, 133) -> (270, 133) | l=10
		[84]  (270, 133) -> (288, 149) | l=24.0832
		[85]  (256, 141) -> (288, 149) | l=32.9848
		[86]  (204, 57) -> (228, 69) | l=26.8328
		[87]  (180, 21) -> (180, 29) | l=8
		[88]  (172, 21) -> (156, 25) | l=16.4924
		[89]  (156, 25) -> (120, 9) | l=39.3954

